1456.00
1485.00
1488.33
1482.75
1484.20
1478.33
1480.14
1477.50
1473.89
1469.50
1464.36
1465.17
1459.77
1460.64
1460.93
1461.06
1461.12
1460.06
1460.74
1459.55
1460.05
1457.14
1454.52
1455.29
1455.84
1455.00
1455.22
1454.14
1453.90
1454.03
1453.06
1452.22
1451.36
1449.62
1449.74
1449.31
1447.84
1446.47
1445.08
1443.78
1443.34
1442.07
1440.79
1441.18
1440.02
1440.35
1440.68
1441.21
1441.71
1442.28
1442.55
1441.67
1441.13
1440.22
1439.29
1439.66
1438.93
1439.40
1439.47
1439.92
1439.13
1439.45
1439.79
1439.41
1439.38
1438.95
1439.03
1438.40
1438.17
1437.87
1437.38
1437.58
1437.77
1438.01
1438.25
1437.51
1437.84
1437.17
1437.14
1437.40
1436.79
1436.11
1435.94
1436.10
1435.40
1435.45
1435.46
1435.30
1435.53
1435.76
1435.88
1435.11
1435.30
1435.52
1435.67
1436.38
1437.12
1439.54
1435.15
1430.53
1425.61
1419.42
1419.21
1419.23
1419.06
1418.63
1418.21
1418.51
1418.43
