-35.0 -36.0
-35.0 -36.0
-34.0 -36.0
-35.0 -36.0
-34.0 -36.0
-35.0 -36.0
-35.0 -36.0
-35.0 -36.0
-35.0 -36.0
-35.0 -36.0
-35.0 -36.0
-35.0 -36.0
-35.0 -36.0
-35.0 -36.0
-34.0 -36.0
-35.0 -36.0
-35.0 -36.0
-35.0 -36.0
-35.0 -36.0
-35.0 -36.0
-35.0 -36.0
-35.0 -35.0
-35.0 -36.0
-35.0 -36.0
-35.0 -36.0
-35.0 -35.0
-35.0 -36.0
-35.0 -36.0
-35.0 -36.0
-35.0 -36.0
-34.0 -36.0
-35.0 -36.0
-35.0 -36.0
-35.0 -36.0
-35.0 -37.0
-36.0 -38.0
-35.0 -39.0
-36.0 -38.0
-35.0 -38.0
-35.0 -38.0
-36.0 -39.0
-35.0 -39.0
-35.0 -38.0
-35.0 -39.0
-36.0 -39.0
-35.0 -36.0
-35.0 -37.0
-35.0 -37.0
-35.0 -37.0
-35.0 -38.0
-35.0 -37.0
-35.0 -37.0
-35.0 -36.0
-35.0 -37.0
-35.0 -36.0
-35.0 -36.0
-34.0 -36.0
-35.0 -36.0
-35.0 -36.0
-35.0 -36.0
-35.0 -37.0
-35.0 -37.0
-35.0 -37.0
-35.0 -37.0
-35.0 -37.0
-35.0 -37.0
-35.0 -37.0
-35.0 -37.0
-34.0 -36.0
-35.0 -36.0
-35.0 -37.0
-35.0 -36.0
-35.0 -36.0
-35.0 -36.0
-35.0 -36.0
-35.0 -37.0
-35.0 -36.0
-35.0 -37.0
-35.0 -37.0
-35.0 -37.0
-35.0 -37.0
-35.0 -36.0
-35.0 -37.0
-35.0 -37.0
-35.0 -37.0
-36.0 -39.0
-39.0 -40.0
-37.0 -40.0
-40.0 -42.0
-40.0 -42.0
-40.0 -42.0
-40.0 -42.0
-36.0 -39.0
-36.0 -39.0
-36.0 -38.0
-35.0 -36.0
-35.0 -36.0
-35.0 -37.0
99 ;; 1
-35.0 -36.0
