1456
1514
1495
1466
1490
1449
1491
1459
1445
1430
1413
1474
1395
1472
1465
1463
1462
1442
1473
1437
1470
1396
1397
1473
1469
1434
1461
1425
1447
1458
1424
1426
1424
1392
1454
1434
1395
1396
1392
1393
1426
1390
1387
1458
1389
1455
1456
1466
1466
1470
1456
1397
1413
1392
1389
1460
1398
1466
1444
1466
1392
1459
1461
1415
1438
1411
1444
1396
1423
1417
1403
1452
1451
1456
1456
1382
1463
1385
1435
1458
1388
1381
1422
1449
1377
1440
1436
1421
1456
1456
1447
1365
1453
1456
1450
1503
1509
1674
1005
973
934
794
1398
1421
1401
1374
1374
1450
1410
