502
475
543
496
531
475
482
498
480
477
534
528
477
475
473
480
539
533
484
473
496
477
476
446
592
562
460
511
505
486
556
528
490
528
523
0
0
0
0
273
544
478
511
482
511
510
511
489
535
553
554
548
493
497
511
565
563
563
493
558
499
528
495
545
557
547
558
560
503
487
501
498
508
560
543
529
536
509
571
511
560
565
564
546
524
560
528
544
528
554
497
567
496
511
566
562
491
555
483
542
568
527
528
506
501
559
550
496
541
498
488
553
496
548
511
560
495
496
496
527
565
491
563
499
550
496
535
528
506
528
531
572
493
562
496
538
563
569
569
500
563
562
563
495
558
549
570
511
567
551
560
528
492
565
490
531
497
502
491
571
487
567
538
496
511
526
511
496
563
571
501
559
566
533
555
545
567
567
498
565
505
563
496
566
570
497
551
576
511
569
497
495
498
494
497
494
569
576
524
560
546
559
576
528
549
498
574
551
496
559
496
528
566
497
525
509
496
561
533
576
504
572
549
575
496
503
558
563
496
511
535
576
565
571
572
560
511
530
509
547
496
574
495
547
535
530
496
538
573
564
571
531
567
575
554
534
550
495
511
574
494
496
546
576
569
562
558
498
510
498
573
551
497
569
527
559
563
492
503
570
574
494
566
548
543
531
561
562
526
562
497
545
496
558
538
501
503
557
560
570
559
573
541
511
510
530
574
531
548
573
538
550
525
575
506
501
499
546
496
576
510
565
496
560
502
496
573
575
496
570
496
554
537
511
494
570
494
502
549
565
565
535
504
495
511
561
555
528
494
571
560
507
553
545
491
543
570
533
556
555
538
563
493
496
527
506
570
492
511
495
494
497
534
494
569
565
561
490
506
511
490
489
