785.00
773.00
777.33
763.00
765.80
758.67
753.86
754.00
751.78
753.70
751.55
753.42
752.08
755.07
755.87
757.94
756.94
755.94
755.05
753.40
752.33
753.68
753.61
752.71
751.40
752.15
753.00
754.04
755.14
753.97
754.74
754.97
754.12
754.32
753.86
753.81
754.59
754.03
753.18
752.83
753.54
754.02
754.47
755.27
756.02
755.70
754.98
754.50
754.45
754.90
755.12
755.85
756.57
756.43
756.84
756.59
756.05
755.53
755.64
756.20
755.61
756.06
755.60
756.09
756.26
752.55
752.07
751.62
751.94
752.41
752.25
752.28
752.49
752.80
753.35
753.42
753.16
753.56
753.38
753.45
753.42
753.12
752.94
752.58
752.25
752.42
752.60
752.40
752.57
752.46
752.80
753.16
753.13
753.54
753.85
753.85
753.93
753.61
753.60
753.81
754.16
754.03
754.32
754.01
753.82
753.98
754.16
754.43
754.70
754.54
754.51
754.83
755.09
754.89
754.87
755.16
755.46
755.79
755.92
755.80
755.66
755.59
755.48
755.73
755.81
755.75
755.70
755.55
755.52
755.75
755.53
755.76
755.50
755.73
755.79
755.98
756.02
755.88
755.65
755.73
755.69
755.59
755.53
755.51
755.33
755.52
755.31
755.55
755.74
755.93
756.20
755.97
755.94
755.80
755.77
755.94
756.16
756.37
756.54
756.71
756.92
756.97
756.79
756.96
756.93
757.02
756.90
757.10
757.07
756.96
757.02
757.02
756.86
756.65
756.69
756.84
756.79
752.71
748.51
744.35
740.24
736.17
732.15
728.17
724.23
720.34
720.63
721.10
721.62
722.09
722.36
722.93
723.45
723.71
724.26
724.52
724.98
725.40
725.70
725.97
726.28
726.60
726.89
727.17
727.60
727.80
728.00
728.26
728.49
728.97
729.27
729.45
729.89
730.21
730.40
730.82
731.05
731.21
731.62
731.93
732.25
732.59
732.91
733.03
815.53
815.42
815.44
815.18
815.16
814.63
814.69
814.57
814.62
814.68
814.46
814.50
814.31
814.18
814.13
813.93
813.81
813.57
813.56
813.45
813.22
813.11
813.11
813.03
813.00
813.04
812.80
812.72
812.55
812.48
812.49
812.26
812.11
811.88
811.68
811.53
811.59
811.37
811.39
811.44
811.24
811.24
811.09
811.10
811.51
811.41
811.45
811.36
811.15
810.95
810.85
810.90
810.71
810.53
810.36
810.31
810.37
810.44
810.33
810.34
810.30
810.21
810.28
810.12
809.97
810.01
810.03
809.94
809.89
809.76
809.81
809.66
809.58
809.42
809.50
809.39
809.24
809.31
809.37
809.34
809.41
809.48
809.34
809.25
809.29
809.26
809.25
809.30
809.36
809.19
809.27
809.33
809.26
809.08
808.99
808.91
808.88
808.81
808.64
808.49
808.56
808.59
808.63
808.70
808.62
808.59
808.44
808.49
808.56
808.49
808.36
808.42
808.39
808.46
808.50
808.52
808.39
808.39
808.24
808.29
808.18
808.04
808.07
807.91
807.93
808.00
808.06
807.95
807.82
807.74
807.66
807.51
807.37
807.33
807.36
807.39
807.25
807.22
807.28
807.29
807.18
807.25
807.29
807.22
807.25
807.32
807.36
807.42
807.43
807.45
807.48
807.51
807.56
807.59
807.62
807.48
807.53
807.58
807.63
807.57
807.61
807.63
807.69
807.56
807.43
807.32
807.37
807.24
807.15
807.06
807.08
806.99
806.92
806.82
806.81
806.84
806.86
806.91
806.91
806.96
806.94
806.96
806.86
806.76
806.79
806.68
806.71
806.73
806.71
806.75
806.69
806.67
806.71
806.77
806.64
806.67
806.54
806.47
806.51
806.48
806.38
806.38
806.30
806.27
806.15
806.22
806.28
806.19
806.07
805.95
805.98
806.05
806.00
805.88
805.92
805.93
805.92
805.91
805.93
805.89
805.87
805.82
805.71
805.75
805.80
805.86
805.92
805.96
805.91
805.91
805.91
805.96
806.01
805.90
805.91
805.80
805.84
805.89
805.95
805.83
805.73
805.69
805.72
805.62
805.64
805.53
805.48
805.39
805.44
805.34
805.25
805.22
805.13
805.15
805.10
805.04
804.99
805.05
804.95
804.98
805.01
805.06
805.01
805.06
805.08
805.03
804.94
804.92
804.94
804.98
804.88
804.90
804.91
804.96
804.86
804.77
804.66
804.71
804.65
804.70
804.76
804.75
804.77
804.70
804.61
804.66
804.69
804.75
804.78
804.78
804.79
804.72
804.71
804.64
804.47
804.47
804.46
804.50
804.43
804.36
804.29
804.26
804.23
804.14
804.17
804.20
804.24
804.00
803.92
803.97
803.88
803.92
803.86
803.81
803.85
803.88
803.93
803.88
803.85
803.76
803.68
803.71
803.71
803.74
803.80
803.75
803.71
803.67
803.71
803.64
803.57
803.47
803.50
803.54
803.54
803.46
803.50
803.50
803.54
803.47
803.40
803.45
803.37
803.33
803.27
803.18
803.20
803.23
803.20
803.24
803.27
803.24
803.23
803.28
803.32
803.34
803.39
803.45
803.37
803.42
803.46
803.49
803.46
803.51
803.52
803.46
803.40
803.32
803.37
803.42
803.34
803.38
803.33
803.27
803.21
803.14
803.16
803.18
803.18
803.15
803.18
803.10
803.15
803.12
803.11
803.14
803.15
803.12
803.17
803.20
803.25
803.22
803.16
803.20
803.25
803.29
803.31
803.32
803.31
803.36
803.39
803.36
803.28
803.32
803.24
803.28
803.30
803.33
803.29
803.20
803.12
803.04
802.98
802.94
802.99
803.03
803.07
803.09
803.13
803.06
803.04
803.04
802.98
802.90
802.94
802.86
802.80
802.84
802.84
802.84
802.86
802.85
802.89
802.84
802.76
802.80
802.75
802.79
802.81
802.83
802.85
802.77
802.75
802.72
802.65
802.58
802.62
802.57
802.50
802.43
802.43
802.38
802.40
802.38
802.41
802.43
802.38
802.31
802.24
802.28
802.20
802.14
802.14
802.15
802.15
802.19
802.15
802.17
802.11
802.06
802.10
802.08
802.04
802.08
802.11
802.15
802.19
802.15
802.10
802.10
802.03
802.00
801.94
801.89
801.83
801.87
801.85
801.79
801.74
801.75
801.77
801.78
801.76
801.80
801.74
801.70
801.72
801.66
801.67
801.71
801.64
801.66
801.61
801.57
801.60
801.63
801.66
801.61
801.61
801.65
801.65
801.61
801.65
801.63
801.59
801.54
801.50
801.54
801.48
801.35
801.28
801.24
800.18
800.22
800.25
800.19
800.13
800.13
800.09
800.07
800.09
800.04
800.02
800.07
800.09
800.12
800.15
800.18
800.12
800.15
800.13
800.17
800.21
800.15
800.11
800.07
800.04
800.03
800.05
800.03
800.05
800.02
800.06
799.99
800.03
800.03
800.01
799.95
799.98
799.93
799.89
799.83
799.85
799.79
799.82
799.76
799.77
799.73
799.67
799.62
799.58
799.54
799.52
799.48
799.49
799.43
799.41
799.44
799.44
799.39
799.41
799.36
799.30
799.33
799.34
799.35
799.36
799.31
799.25
799.23
799.26
799.24
799.19
799.22
799.26
799.22
799.23
799.26
799.20
799.17
799.12
799.12
799.07
799.05
799.09
799.11
799.08
799.09
799.09
799.13
799.08
799.11
799.11
799.11
799.13
799.08
799.06
799.04
799.01
799.01
799.02
798.96
798.95
798.91
798.86
798.89
798.85
798.88
798.83
798.78
798.76
798.71
798.69
798.73
798.76
798.78
798.81
798.77
798.76
798.74
798.74
798.70
798.72
798.69
798.65
798.60
798.58
798.62
798.57
798.57
798.57
798.59
798.56
798.56
798.54
798.58
798.60
798.56
798.57
798.60
798.57
798.57
798.60
798.62
798.66
798.61
798.60
798.56
798.52
798.49
798.45
798.41
798.36
798.39
798.36
798.34
798.38
798.33
798.37
798.39
798.41
798.45
798.40
798.41
798.36
798.38
798.34
798.30
798.25
798.23
798.25
798.21
798.18
798.21
798.22
798.19
798.14
798.13
798.11
798.06
798.08
798.12
798.12
798.16
798.12
798.14
798.18
798.20
798.22
798.24
798.28
798.31
798.33
798.36
798.39
798.35
798.30
798.31
798.29
798.28
798.26
798.25
798.27
798.27
798.30
798.31
798.33
798.36
798.38
798.37
798.32
798.29
798.24
798.19
798.19
798.21
798.24
798.20
798.18
798.19
798.17
798.14
798.17
798.20
798.23
798.23
798.20
798.20
798.16
798.16
798.19
798.18
798.16
798.13
798.09
798.12
798.14
798.16
798.18
798.21
798.24
798.23
798.20
798.16
798.17
798.14
798.10
798.11
798.13
798.16
798.14
798.17
798.19
798.19
